((("ll" .
   [1 0])
  ("esac" .
   [1 0 0 0])
  ("Cygwin" .
   [0 0 0 0 0 1])
  ("in" .
   [1 0])
  ("case" .
   [1 0 0 0])
  ("alias" .
   [1 0 0 0 0])
  ("git" .
   [1 0 0])
  ("ruby-mode-hooks" .
   [1 0 0 0 0 0 0 0 0 0 0 0 0 0 0])
  ("load" .
   [1 0 0 0])
  ("fuckin" .
   [0 0 1 0 0 0])
  ("template_template_template" .
   [4 0 1 1 0 0 0 0 0 0 0 0 0 0 0 0 0 0 0 0 0 0 0 0 0 2])
  ("int" .
   [2 0 0])
  ("stdio" .
   [0 0 0 0 1])
  ("include" .
   [1 0 0 1 0 0 0])
  ("define" .
   [0 0 0 0 0 1])
  ("template" .
   [0 0 2 1 0 0 0 0])
  ("while" .
   [0 0 1 0 0])
  ("void" .
   [0 0 1 1])
  ("eval" .
   [0 0 1 0])
  ("defun" .
   [0 0 0 1 0])
  ("else" .
   [1 0 0 0])
  ("addY" .
   [0 0 0 1])
  ("if" .
   [2 0])
  ("scene5" .
   [1 0 1 1 0 0])
  ("ball" .
   [3 0 1 0])))
